-1 1 750
-1 2 570
-1 4 570
-1 5 450
-1 6 650
-1 7 750
-1 8 880
-1 9 750
-1 10 750
-1 11 750
-1 12 750
-1 13 750
-1 14 750
-1 15 740
-1 16 740
-1 17 850
-1 18 700
-1 19 570
-1 20 570
-2 1 630
-2 2 650
-2 3 650
-2 4 850
-2 5 650
-2 6 880
-2 7 725
-2 9 880
-2 10 750
-2 11 700
-2 13 700
-2 14 700
-2 15 700
-2 16 700
-2 17 700
-2 18 700
-2 19 750
-3 1 600
-3 2 600
-3 3 600
-3 4 600
-3 5 600
-3 6 600
-3 8 600
-3 9 600
-3 11 630
-3 12 630
-3 13 630
-3 14 630
-3 15 630
-3 16 630
-3 18 630
-3 19 630
-3 20 570
-4 1 880
-4 3 630
-4 4 630
-4 5 630
-4 6 630
-4 7 630
-4 8 630
-4 9 630
-4 10 700
-4 11 700
-4 12 700
-4 13 700
-4 14 700
-4 15 700
-4 16 700
-4 17 700
-4 19 700
-4 20 700
-4 21 450
-4 22 450
-4 23 450
-4 24 450
-4 25 450
-4 26 450
-5 1 650
-5 2 650
-5 3 650
-5 4 650
-5 5 650
-5 6 650
-5 7 650
-5 8 650
-5 9 700
-5 11 700
-5 12 700
-5 13 700
-5 14 700
-5 15 700
-5 16 700
-5 17 700
-5 18 700
-5 19 700
-5 20 700
-5 21 700
-5 22 700
-5 23 700
-5 24 700
-5 25 750
-5 26 750
-5 27 750
-5 28 750
-5 29 750
-5 30 750
-5 31 700
-5 32 750
-5 33 700
-5 34 700
-5 35 750
-5 36 750
-6 1 650
-6 2 650
-6 3 650
-6 4 650
-6 5 650
-6 6 650
-6 7 650
-6 8 650
-6 9 700
-6 10 700
-6 11 700
-6 12 700
-6 13 700
-6 14 700
-6 15 700
-6 16 700
-6 17 740
-6 18 740
-6 19 740
-6 20 740
-6 21 750
-6 22 740
-6 23 740
-6 24 740
-6 25 750
-6 26 750
-6 27 750
-6 28 750
-6 29 750
-6 30 750
-6 31 720
-6 32 720
-6 33 720
-6 34 720
-6 35 720
-6 36 720
-7 1 630
-7 2 630
-7 3 630
-7 4 630
-7 5 630
-7 6 630
-7 7 630
-7 8 630
-7 9 690
-7 10 690
-7 11 690
-7 12 690
-7 13 690
-7 14 690
-7 15 690
-7 16 650
-7 17 740
-7 18 740
-7 19 740
-7 20 740
-7 21 740
-7 22 740
-7 23 740
-7 24 740
-7 25 700
-7 26 700
-7 27 700
-7 29 700
-7 30 700
-7 31 700
-7 32 700
-7 33 720
-7 34 720
-7 35 790
-7 36 790
-8 2 650
-8 4 650
-8 6 650
-8 7 650
-8 8 650
-8 9 730
-8 10 730
-8 11 730
-8 12 730
-8 13 730
-8 14 730
-8 15 730
-8 16 730
-8 17 740
-8 18 740
-8 19 740
-8 20 740
-8 22 740
-8 23 740
-8 24 740
-8 25 760
-8 26 760
-8 27 760
-8 28 760
-8 29 760
-8 30 760
-8 31 700
-8 32 700
-8 33 700
-8 34 700
-8 35 700
-8 36 700
-9 3 650
-9 4 650
-9 6 650
-9 7 650
-9 8 650
-9 9 650
-9 10 650
-9 11 720
-9 12 720
-9 13 720
-9 14 720
-9 15 720
-9 16 720
-9 17 720
-9 18 720
-9 19 770
-9 20 770
-9 21 770
-9 22 770
-9 23 770
-9 24 770
-9 25 770
-9 26 770
-9 27 800
-9 28 800
-9 29 800
-9 30 800
-9 31 760
-9 32 760
-9 33 800
-9 34 800
-9 35 800
-9 36 800
-10 2 600
-10 3 600
-10 4 600
-10 5 600
-10 6 600
-10 7 600
-10 8 600
-10 9 700
-10 10 700
-10 11 700
-10 12 700
-10 13 700
-10 14 700
-10 15 700
-10 16 700
-10 17 750
-10 18 750
-10 19 750
-10 20 750
-10 21 750
-10 22 750
-10 23 770
-10 24 770
-10 25 770
-10 26 770
-10 27 770
-10 28 770
-10 29 770
-10 30 770
-10 31 790
-10 32 790
-10 33 790
-10 34 790
-10 35 790
-10 36 790
-11 5 850
-11 6 655
-11 7 655
-11 8 880
-11 9 570
-11 10 655
-11 11 655
-11 12 655
-11 13 655
-11 14 655
-11 15 880
-11 16 655
-11 17 700
-11 18 700
-11 19 700
-11 20 700
-11 21 700
-11 22 700
-11 23 700
-11 24 700
-11 26 700
-11 27 700
-11 28 700
-11 29 700
-11 30 700
-11 31 700
-11 32 750
-11 33 750
-11 34 750
-11 35 750
-11 36 750
-11 37 450
-11 38 750
-11 39 750
-11 40 750
-11 41 700
-11 42 700
-12 1 700
-12 2 700
-12 3 450
-12 4 450
-12 5 570
-12 6 570
-12 7 570
-12 8 450
-12 9 725
-12 11 725
-12 12 850
-12 13 670
-12 14 750
-12 15 670
-12 16 670
-12 17 750
-12 18 700
-12 19 700
-12 20 700
-12 21 750
-12 22 700
-12 23 700
-12 24 850
-12 25 700
-12 26 700
-12 27 700
-12 28 700
-12 29 700
-12 30 700
-12 31 700
-12 32 600
-12 33 750
-12 34 980
-12 35 980
-12 36 980
-12 37 980
-12 38 980
-12 39 980
-12 40 980
-12 41 980
-12 42 400
-13 2 750
-13 3 450
-13 4 450
-13 5 450
-13 6 570
-13 7 570
-13 8 400
-13 9 670
-13 10 670
-13 11 670
-13 12 700
-13 13 700
-13 16 700
-13 18 700
-13 19 700
-13 21 750
-13 22 700
-13 23 725
-13 24 850
-13 25 800
-13 26 850
-13 27 750
-13 28 700
-13 29 750
-13 31 750
-13 33 750
-13 34 700
-13 35 450
-13 36 400
-13 37 400
-13 38 400
-13 39 400
-13 40 400
-13 41 400
-13 42 400
-14 1 750
-14 2 570
-14 3 750
-14 4 750
-14 5 750
-14 6 750
-14 7 750
-14 8 800
-14 9 800
-14 11 800
-14 12 800
-14 13 800
-14 14 770
-14 15 800
-14 16 770
-14 17 800
-14 18 880
-14 19 400
-14 20 650
-14 21 750
-14 22 700
-14 23 630
-14 24 630
-14 25 770
-14 26 700
-14 28 770
-14 29 770
-14 30 700
-14 31 700
-14 32 700
-14 33 700
-14 34 800
-14 35 700
-14 36 800
-14 37 700
-14 38 800
-14 39 800
-14 40 800
-14 41 800
-14 42 800
-15 1 750
-15 2 700
-15 3 650
-15 4 400
-15 5 650
-15 6 700
-15 7 700
-15 8 700
-15 9 700
-15 10 725
-15 11 670
-15 12 670
-15 14 650
-15 15 650
-15 16 650
-15 17 650
-15 18 725
-15 19 770
-15 20 650
-15 21 650
-15 22 730
-15 23 730
-15 25 730
-15 26 730
-15 27 730
-15 28 770
-15 29 730
-15 30 730
-15 31 730
-15 32 730
-15 34 730
-15 35 730
-15 36 730
-15 37 730
-15 38 730
-15 40 730
-15 41 800
-15 42 800
-16 1 730
-16 2 730
-16 3 700
-16 4 730
-16 5 730
-16 6 730
-16 7 730
-16 8 730
-16 9 730
-16 10 770
-16 11 700
-16 12 700
-16 13 700
-16 14 725
-16 15 700
-16 16 850
-16 17 700
-16 18 700
-16 19 725
-16 20 880
-16 21 700
-16 22 730
-16 23 730
-16 24 730
-16 25 730
-16 26 730
-16 27 730
-16 28 730
-16 29 730
-16 30 800
-16 32 800
-16 33 800
-16 34 800
-16 35 800
-16 36 800
-16 37 800
-16 38 800
-16 39 800
-16 40 800
-16 41 800
-16 42 800
-17 35 700
-18 1 700
-18 2 730
-18 3 650
-18 4 700
-18 6 700
-18 7 750
-18 9 750
-18 10 750
-18 11 750
-18 12 750
-18 13 750
-18 14 650
-18 15 750
-18 16 650
-18 17 650
-18 18 650
-18 19 650
-18 20 400
-18 21 650
-18 22 650
-18 23 650
-18 25 650
-18 26 650
-18 27 650
-18 28 650
-18 29 650
-18 30 650
-18 31 750
-18 32 750
-18 33 750
-18 34 750
-18 35 750
-18 37 750
-18 38 750
-18 39 700
-18 40 700
-18 41 570
-18 42 570
-19 1 750
-19 2 740
-19 3 740
-19 4 750
-19 5 740
-19 6 740
-19 7 740
-19 8 740
-19 9 740
-19 10 740
-19 11 630
-19 12 750
-19 13 630
-19 14 750
-19 15 630
-19 16 630
-19 17 630
-19 18 630
-19 19 770
-19 20 750
-19 21 770
-19 22 770
-19 23 770
-19 24 770
-19 25 770
-19 26 770
-19 27 770
-19 28 700
-19 29 700
-19 30 700
-19 31 700
-19 32 700
-19 33 700
-19 34 700
-19 35 700
-19 36 700
-19 38 450
-19 40 800
-19 41 750
-19 42 750
