1  176
2  284
4  455
5  604
6  774
7  764
8  845
9  974
10  1064
11  1154
12  1294
13  1374
14  1455
15  1614
16  1624
17  1744
18  1785
19  1924
20  2045
21  144
22  274
23  366
24  459
25  594
26  624
27  795
29  994
30  1005
31  1115
33  1276
34  1385
35  1454
36  1585
37  1665
38  1779
42  179
43  264
44  385
45  485
46  556
48  775
49  985
51  1048
52  1134
54  1293
55  1424
56  1484
58  1715
59  1805
60  1915
61  174
63  284
64  374
65  562
68  865
69  984
70  1005
71  1134
72  1225
73  1444
74  1419
75  1575
76  1592
77  1683
79  1864
80  1954
87  1067
88  1137
89  1076
90  1136
91  1205
92  1279
93  1288
94  1357
95  1401
97  1523
98  1586
99  1607
100  1662
101  1708
102  1762
103  1745
104  1802
105  1904
106  1959
107  2112
108  2169
109  2086
110  2136
111  2382
112  2439
113  2348
114  2399
115  2422
116  2478
118  2562
119  2703
120  2758
121  2769
122  2827
123  938
124  1003
125  951
126  1017
127  1062
128  1135
129  1191
130  1253
131  1278
132  1341
133  1387
134  1453
135  1463
136  1512
137  1589
138  1639
139  1788
140  1837
141  1908
142  1966
144  2036
145  2112
146  2173
147  2343
148  2385
149  2414
150  2463
151  2444
152  2483
153  2522
154  2576
155  2595
156  2650
157  2803
158  2868
159  1112
160  1168
161  1122
162  1172
163  1199
164  1253
165  1315
166  1378
167  1428
168  1482
169  1533
170  1585
171  1633
173  1734
174  1782
175  1845
176  1898
177  1942
178  1985
179  2165
180  2222
181  2167
182  2223
183  2272
184  2325
185  2491
187  2538
188  2581
189  2575
190  2614
191  2688
192  2736
193  2782
194  2826
196  1392
198  1419
200  1545
201  1555
202  1618
203  1658
204  1719
205  1758
206  1812
207  1852
208  1909
209  1962
210  2018
211  2042
212  2092
213  2222
214  2286
216  2439
217  2375
218  2428
219  2485
220  2544
221  2729
222  2788
223  2696
224  2763
225  2807
226  2862
228  2943
229  2997
230  3050
233  1198
234  1269
236  1373
237  1398
238  1448
239  1499
240  1548
241  1636
242  1688
243  1712
244  1765
245  1829
246  1882
247  1929
248  1973
249  2043
250  2092
251  2218
252  2268
253  2232
254  2286
255  2339
256  2388
257  2584
258  2635
259  2663
260  2708
261  2640
262  2699
263  2764
264  2805
268  1302
269  1256
270  1312
271  1329
272  1382
273  1429
274  1492
275  1542
276  1598
277  1645
278  1697
279  1768
280  1818
281  1839
282  1886
283  1962
284  2012
285  2068
286  2119
287  2292
288  2345
289  2260
290  2308
291  2415
292  2458
293  2632
294  2689
295  2573
296  2632
297  2693
298  2744
299  2775
300  2834
301  2949
302  2989
311  1548
312  1860
313  1930
314  2057
315  2140
316  2240
317  2057
318  2456
319  2556
320  2664
321  2756
322  2849
323  2956
324  2722
325  3156
326  2968
328  3330
329  3453
330  3314
331  3624
332  3454
333  3877
334  3966
335  4076
336  4150
355  1975
356  1790
358  2011
359  2546
360  2640
361  2561
362  2847
363  2944
364  2618
367  3140
369  3346
370  3440
371  3534
372  3646
373  4184
374  3976
375  4076
378  4419
395  2251
396  2354
397  2466
398  2569
402  2864
404  3049
405  3159
407  3368
408  2728
410  3139
411  3416
413  3521
414  3716
415  3514
420  4297
429  2326
431  2563
432  2631
433  2693
434  2759
435  2820
436  2882
437  2949
439  3070
440  3126
441  3189
443  3313
445  3270
448  3461
450  3590
451  3639
452  3695
454  4170
456  3000
457  3025
458  4421
459  4498
460  4545
461  4619
462  4675
464  4793
465  3668
466  4722
467  4787
468  4843
469  5043
470  5091
471  2261
472  1642
476  2007
477  2187
478  2823
479  2883
480  2940
481  2978
482  3069
484  3187
485  3261
486  3077
487  3123
488  3183
489  2958
492  3432
493  3498
495  3785
496  3848
497  3915
498  3385
499  4016
500  4085
501  4138
502  4206
504  4323
505  4387
506  4453
507  4380
508  4440
510  4558
511  4623
512  4680
513  2055
515  1529
517  2523
518  2539
519  2628
520  2697
521  2743
523  2878
524  2952
525  3008
526  3053
527  3131
530  3118
531  3150
534  3335
535  3398
536  3475
538  4418
539  4487
540  4537
541  4601
542  4660
544  4789
545  4848
547  4971
548  5035
549  4955
550  5016
552  5143
553  5191
554  5255
597  1889
608  2767
609  2830
611  2940
612  2800
613  2840
614  2910
615  2960
617  3110
618  3180
619  3214
622  3870
623  3920
624  3990
625  4050
626  4110
627  4170
628  4230
629  4300
630  4370
631  4420
633  4300
634  4380
635  4440
637  4570
638  4629
640  2192
641  2384
643  2510
644  2575
645  2638
646  2697
648  2815
649  2884
651  2998
652  3022
653  3117
655  3073
656  3139
657  3200
658  2333
659  3320
660  3391
661  3444
662  3498
663  3645
664  3731
665  3781
666  3833
670  4099
672  4236
673  4262
674  4332
678  4391
679  4565
