1  2.74
2  2.2563
4  3.9255
5  3.73668
6  3.83625
7  4.04146
8  3.88928
9  5.92302
10  4.15771
11  2.8599
12  3.56168
13  5.27236
14  3.66657
15  4.23289
16  3.40508
17  4.24263
18  2.13606
19  3.91959
20  3.80171
21  4.41035
22  3.40529
23  3.45982
24  2.23181
25  3.86026
26  4.81932
27  3.14569
29  4.14
30  2.82165
31  3.80031
33  2.66428
34  2.84568
35  4.84718
36  2.889
37  3.85797
38  1.67186
39  1.859
42  2.23268
43  3.30431
44  2.66262
45  2.50841
46  3.19035
48  2.68764
49  2.22028
51  3.17304
52  3.87219
54  4.7504
55  3.32151
56  4.09814
58  3.23212
59  3.61609
60  3.29583
61  2.39151
63  1.91791
64  3.5687
65  2.06846
68  3.24707
69  3.62851
70  4.07
71  2.79295
72  2.80925
73  1.72124
74  2.2993
75  1.89618
76  1.9596
77  3.34665
79  3.61489
80  3.88477
87  1.93646
88  1.22853
89  1.56039
90  0.883011
91  1.67082
92  1.06294
93  1.46472
94  0.546336
95  1.39738
97  1.67391
98  1.01567
99  1.00321
100  0.887359
101  0.921264
102  0.80256
103  0.729344
104  0.976749
105  0.988179
106  1.30318
107  0.943727
108  0.983333
109  0.800657
110  0.952385
111  0.925171
112  0.822454
113  0.834925
114  1.3264
115  1.23204
116  1.20411
118  0.871917
119  0.832782
120  0.649469
121  0.935555
122  0.63
123  2.54215
124  1.01438
125  1.27093
126  0.731628
127  1.20884
128  1.17486
129  1.43102
130  1.28605
131  2.20189
132  0.838173
133  2.29754
134  0.978412
135  0.855337
136  0.977871
137  0.971745
138  1.01733
139  1.56292
140  0.89879
141  0.95456
142  0.864731
144  1.0263
145  0.923054
146  1.01602
147  0.722028
148  0.772369
149  0.921706
150  0.972663
151  0.859752
152  0.839952
153  0.822301
154  0.932565
155  0.819552
156  0.786248
157  0.737191
158  0.642959
159  1.05557
160  1.17044
161  0.887893
162  0.994796
163  0.973353
164  0.928708
165  0.865243
166  0.847935
167  0.940052
168  0.990407
169  0.685906
170  0.917637
171  0.888705
172  1.10853
173  0.942138
174  0.862587
175  0.808978
176  0.832946
177  0.955925
178  0.898141
179  0.921443
180  1.09849
181  0.944767
182  0.893937
183  0.834262
184  0.831589
185  0.439785
187  0.65332
188  0.0123508
189  0.760193
190  1.63409
191  0.751225
192  0.792796
193  0.865138
194  1.6452
196  1.14505
198  0.95651
200  0.999464
201  1.85007
202  0.889241
203  1.75289
204  1.08512
205  1.53929
206  0.904
207  1.49725
208  0.864743
209  0.761855
210  0.823177
211  0.850765
212  0.962237
213  0.757736
214  1.02582
216  0.794212
217  0.793025
218  0.729857
219  0.837
220  0.873366
221  0.929923
222  0.908568
223  0.70218
224  0.651468
225  0.856212
226  0.888791
227  0.429212
228  0.56483
229  0.778659
230  0.52473
233  0.956232
234  0.661856
236  0.895512
237  0.751
238  1.01626
239  0.670611
240  0.953905
241  0.946521
242  0.880709
243  0.831948
244  0.97059
245  0.843089
246  1.37029
247  0.976636
248  0.879
249  0.952725
250  0.95789
251  0.791876
252  0.757588
253  0.952962
254  0.75697
255  0.824256
256  0.750636
257  1.02771
258  0.797959
259  0.963023
260  0.783459
261  0.651581
262  0.835548
263  0.679336
264  0.755437
268  0.909352
269  0.972092
270  1.18091
271  1.06759
272  1.16508
273  1.10633
274  1.06505
275  1.15673
276  1.05936
277  0.891886
278  0.587369
279  1.04878
280  1.03771
281  0.968048
282  1.07128
283  0.872556
284  1.01589
285  0.772917
286  0.884519
287  0.649271
288  0.810755
289  0.940586
290  1.03685
291  0.9768
292  0.844427
293  0.877737
294  0.710251
295  0.845387
296  0.79776
297  0.835158
298  0.901118
299  0.726046
300  0.671874
301  0.800602
302  0.826587
307  1.4368
308  0.0810275
309  0.0847513
310  1.34518
311  0.137871
312  0.118091
313  0.0871219
314  0.152069
315  0.0589531
316  0.201538
317  1.86512
318  0.061589
319  0.098586
320  0.0767863
321  0.185452
322  0.220341
323  0.0814597
324  2.90356
325  0.168619
326  1.43231
328  0.149253
329  0.111167
330  1.97892
331  1.53059
332  2.26858
333  0.062264
334  0.100316
335  0.117583
336  0.0729099
337  0.0893824
338  0.0944214
339  1.21402
340  0.158525
341  0.23516
342  0.0467364
343  0.239999
344  0.153835
345  0.132707
347  1.04572
348  2.62243
349  0.201929
350  0.151178
351  0.155537
353  1.36981
355  1.31393
356  1.38201
358  2.39461
359  0.175988
360  0.10027
361  1.92138
362  0.0667562
363  0.0686947
364  1.29479
366  2.17346
367  0.126511
368  1.27627
369  0.077657
370  0.0695043
371  0.08654
372  0.119044
373  0.104014
374  0.0621624
375  0.06297
377  2.05585
378  0.0675873
379  0.21591
380  0.102393
381  0.115195
382  0.10499
383  0.208658
384  0.209867
385  0.135007
386  1.78933
390  1.62454
391  2.14086
392  0.0813039
393  0.0932764
394  0.0800631
395  0.156491
396  0.0791461
397  0.07702
398  0.214048
399  0.070296
402  0.0573588
404  0.0752143
405  0.13463
407  0.144452
408  1.41967
409  0.852817
410  0.703394
411  0.133424
412  1.23311
413  1.17352
414  0.116752
415  0.936405
417  1.11826
419  0.919651
420  0.13543
421  1.18198
423  0.0770533
425  0.867154
426  0.102341
429  0.0782192
431  0.0571804
432  0.0630772
433  0.0468716
434  0.0669934
435  0.0794797
436  0.0534786
437  0.0463849
439  0.0468019
440  0.0461598
441  0.0662417
443  0.060992
444  2.10517
445  0.0602038
448  0.0466087
450  0.0713128
451  0.0592894
452  0.0609488
454  0.057766
456  1.78892
457  1.75467
458  0.058986
459  0.0469102
460  0.0606452
461  0.0474141
462  0.0800274
464  0.0695038
465  1.85118
466  0.0469016
467  0.045438
468  0.0774285
469  0.0591456
470  0.0655522
471  0.0547951
472  2.01165
476  1.644
477  1.73301
478  0.0614129
479  0.0619241
480  1.44762
481  0.0742147
482  0.0817832
484  0.0589277
485  0.0805423
486  0.0557775
487  0.0553353
488  1.99745
489  1.33399
492  0.0542
493  0.067126
495  0.0683363
496  0.0708456
497  0.0573663
498  1.92999
499  0.0806867
500  0.0710358
501  0.0473827
502  0.0677045
504  0.0568589
505  0.0803073
506  0.0707889
507  0.0575074
508  0.0664626
510  0.0652124
511  0.0587
512  0.0609582
513  0.0525623
515  1.98967
517  0.0670892
518  0.0799943
519  0.0590198
520  0.0727278
521  0.0464371
523  0.0467477
524  0.0811776
525  0.0591432
526  1.46
527  0.0564426
530  0.0721648
531  2.10849
534  0.073064
535  0.0766298
536  0.0614532
538  0.0599889
539  0.0599999
540  0.0741445
541  0.0628456
542  0.0642637
544  0.0640145
545  0.0585272
547  0.0840197
548  0.0673
549  0.0729133
550  0.0574759
552  0.0509251
553  0.0507929
554  0.0559684
597  0.15213
608  0.0500634
609  0.065073
611  0.0697254
612  0.0727735
613  0.0713405
614  0.068937
615  0.0680118
617  0.0686404
618  0.0704515
619  0.0643639
622  0.0640509
623  0.0372214
624  0.0715092
625  0.0640746
626  0.0931655
627  0.0673863
628  0.0665573
629  0.0686848
630  0.060742
631  0.0669811
633  0.0706904
634  0.0558502
635  0.0795749
637  0.0660215
638  0.0650091
640  0.0851373
641  0.0741652
643  0.0622752
644  0.0609461
645  0.0588868
646  0.110289
647  0.0915723
648  0.144247
649  0.0615441
650  3.18656
651  0.0605217
652  4.29712
653  0.113469
655  0.0807476
656  0.0774119
657  0.0755881
658  3.895
659  0.0434
660  0.0875837
661  0.064912
662  0.0588593
663  0.0631917
664  0.061368
665  0.066003
666  0.0711646
670  0.0632417
672  0.108159
673  0.0461638
674  0.043659
678  0.0654444
679  0.0570803
